task.spawn(function() 
    local GetService=game.GetService
    local Players=cloneref(GetService(game,"Players"))
    local UserInputService=cloneref(GetService(game,"UserInputService"))
    local VirtualInputManager=cloneref(GetService(game,"VirtualInputManager"))
    local Player=Players.LocalPlayer
    local PlaceID=game.PlaceId
    local PrisonID=155615604
    local BreakInID={3851622790,4620170611}
    local MunchID=3859039810
    local PetsID=8737899170
    local Rockie={Version="v1.1.5",Author="RazAPI"}
    local Plt=UserInputService:GetPlatform()
    local PltString
    if Plt==Enum.Platform.Windows then PltString="Windows" elseif Plt==Enum.Platform.OSX then PltString="Mac OS" elseif Plt==Enum.Platform.IOS then PltString="iOS" elseif Plt==Enum.Platform.Android then PltString="Android" elseif Plt==Enum.Platform.UWP then PltString="UWP" elseif Plt==Enum.Platform.PS4 then PltString="PlayStation 4" elseif Plt==Enum.Platform.XboxOne then PltString="Xbox One" elseif Plt==Enum.Platform.Switch then PltString="Nintendo Switch" else PltString="Unknown" end
    local i=identifyexecutor()
    local isSupported
    if i=="Xeno" then isSupported="Maybe [Xeno]" elseif i=="Solara" or i=="Luna" or i=="NX" then isSupported="Yes [Solara]" elseif i=="Wave" or i=="Argon" or i=="Synapse Z" then isSupported="Yes [Wave, Argon, Synapse Z]" end
    local Fluent=loadstring(game:HttpGet("https://github.com/mr-suno/Fluent/releases/latest/download/main.lua"))()
    local SaveManager=loadstring(game:HttpGet("https://raw.githubusercontent.com/dawid-scripts/Fluent/master/Addons/SaveManager.lua"))()
    local InterfaceManager=loadstring(game:HttpGet("https://raw.githubusercontent.com/dawid-scripts/Fluent/master/Addons/InterfaceManager.lua"))()
    local Window=Fluent:CreateWindow({Title="Rockie + Ruby v1.1.5",SubTitle="Brought to you by RazAPI",TabWidth=160,Size=UDim2.fromOffset(590,500),Acrylic=false,Theme="Darker",MinimizeKey=Enum.KeyCode.Delete})
    function Rockie.Fire(RemoteEvent,default,def2)
    if RemoteEvent.ClassName~="RemoteEvent" then warn("Not a RemoteEvent") return end
    if default and def2 then RemoteEvent:FireServer(default,def2) elseif default then RemoteEvent:FireServer(default) else RemoteEvent:FireServer() end
    end
    function Rockie.Teleport(PlaceID)return game:GetService("TeleportService"):Teleport(tonumber(PlaceID)) end
    function Rockie.spawnPart(ptName,ptPosition,howmany) for i=1,howmany do part=Instance.new("Part") part.Name=ptName part.Parent=game.Workspace part.CFrame=game.Players.LocalPlayer.Character.HumanoidRootPart.CFrame end end
    function Rockie.Clone(a)return a:Clone() end
    function Rockie.deletePart(ptName) local part=game.Workspace:FindFirstChild(ptName) if part then part:Destroy() end end
    local Sound1=Instance.new("Sound") Sound1.Name="Sound1__" Sound1.Parent=game.Workspace Sound1.SoundId="rbxassetid://6958727243" Sound1.Looped=false Sound1:Play() Sound1.Ended:Wait() Rockie.deletePart("Sound1__")
    local Tabs={Main=Window:AddTab({Title="About",Icon="activity"}),Win=Window:AddTab({Title="Player Class",Icon="user"}),Exp=Window:AddTab({Title="Exploit Class",Icon="shield"}),Adm=Window:AddTab({Title="Admin Class",Icon="hammer"}),tp=Window:AddTab({Title="Game Teleporter",Icon="gamepad"}),Pet=Window:AddTab({Title="Pet Simulator 99",Icon="bone"}),Munc=Window:AddTab({Title="Munching Masters",Icon="cake"}),BK=Window:AddTab({Title="Break In",Icon="paintbrush"}),Prison=Window:AddTab({Title="Prison Life",Icon="tent"}),Settings=Window:AddTab({Title="Configuration",Icon="cog"})}
    if PlaceID==PrisonID then Tabs.Prison:AddParagraph({Title="✅ Game Supported",Content="You are currently in Prison Life, which is a supported game.\nSpoiler: You can run scripts here now."}) elseif PlaceID==MunchID then Tabs.Munc:AddParagraph({Title="✅ Game Supported",Content="You are currently in Munching Masters, which is a supported game.\nSpoiler: You can run scripts here now."}) elseif PlaceID==PetsID then Tabs.Pet:AddParagraph({Title="✅ Game Supported",Content="You are currently in Pet Simulator 99, which is a supported game.\nSpoiler: You can run scripts here now."}) elseif PlaceID~=PetsID and PlaceID~=MunchID and PlaceID~=PrisonID and (PlaceID~=BreakInID[1] and PlaceID~=BreakInID[2]) then Tabs.Main:AddSection("!! Hey There") Tabs.Main:AddParagraph({Title="⚠️ WARNING",Content="You are currently in a game that isn't supported by any scripts in Rockie here, \nConsider going to the admin class."}) Tabs.Main:AddSection("About") elseif PlaceID~=PetsID then Tabs.Pet:AddSection("!! Hey There") Tabs.Pet:AddParagraph({Title="⚠️ WARNING",Description="You are currently not in Pet Simulator 99, meaning you cannot run scripts from here."}) elseif PlaceID~=BreakInID[1] and PlaceID~=BreakInID[2] then Tabs.BK:AddParagraph({Title="⚠️ WARNING",Description="You are currently not in Break In, meaning you cannot run scripts from here."}) elseif PlaceID~=PrisonID then Tabs.Prison:AddParagraph({Title="⚠️ WARNING",Description="You are currently not in Prison Life, meaning you cannot run scripts from here."}) elseif PlaceID~=MunchID then Tabs.Munc:AddParagraph({Title="⚠️ WARNING",Description="You are currently not in Munching Masters, meaning you cannot run scripts from here."}) end
    Window:SelectTab(1)
    local Options=Fluent.Options
    Fluent:Notify({Title="Rockie Assistant",Content="Use the Delete Key on your keyboard to view and unview the UI.",SubContent="Hint",Duration=5})
    task.spawn(function() if game.Players.LocalPlayer.UserId==7210864093 then Tabs.Main:AddParagraph({Title="About You & Game",Content="Username: "..Players.LocalPlayer.Name.."\nDisplay Name: "..Players.LocalPlayer.DisplayName.."\nUser  Time: "..os.date("%H:%M:%S").."\nUser  GUID: "..GetService(game,"HttpService"):GenerateGUID(false).."\nUser  HWID: "..tostring(GetService(game,"RbxAnalyticsService"):GetClientId()).."\nUser  OS: "..PltString.."\nGame PlaceId: "..game.PlaceId.."\nGame JobId: "..game.JobId.."\nGame Name: "..GetService(game,"MarketplaceService"):GetProductInfo(game.PlaceId).Name.."\nRoblox Version: "..version().."\nExecutor: "..identifyexecutor().."\nIs Executor Supported: "..isSupported.."\nExecution Context: "..script.Name.."\nYou are the OWNER of Rockie."}) else Tabs.Main:AddParagraph({Title="About You & Game",Content="Username: "..Players.LocalPlayer.Name.."\nDisplay Name: "..Players.LocalPlayer.DisplayName.."\nUser  Time: "..os.date("%H:%M:%S").."\nUser  GUID: "..GetService(game,"HttpService"):GenerateGUID(false).."\nUser  OS: "..PltString.."\nGame PlaceId: "..game.PlaceId.."\nGame JobId: "..game.JobId.."\nGame Name: "..GetService(game,"MarketplaceService"):GetProductInfo(game.PlaceId).Name.."\nRoblox Version: "..version().."\nExecutor: "..identifyexecutor().."\nIs Executor Supported: "..isSupported.."\nExecution Context: "..script.Name.."\nYou are a MEMBER of Rockie."}) end end)
    Tabs.Win:AddInput("Input",{Title="WalkSpeed",Default="16",Description="Changes your player walkspeed",Numeric=true,Finished=true,Callback=function(Value) while task.wait() do Player.Character.Humanoid.WalkSpeed=Value end end})
    Tabs.Win:AddInput("Input1",{Title="JumpPower",Default="50",Description="Changes your player jump power",Numeric=true,Finished=true,Callback=function(Value) while task.wait() do game.Players.LocalPlayer.Character.Humanoid.JumpPower=Value end end})
    Tabs.Win:AddInput("Input2",{Title="Health",Default="100",Description="Changes your player health",Numeric=true,Finished=true,Callback=function(Value) game.Players.LocalPlayer.Character.Humanoid.Health=Value end})
    Tabs.Win:AddInput("Input3",{Title="Freeze",Default="DummyPlayer",Description="Freezes the player selected",Numeric=false,Finished=true,Callback=function(Value) local v=Players:FindFirstChild(Value) if v then v.Character.HumanoidRootPart.Anchored=true else Fluent:Notify({Title="Rockie Assistant",Content="Failed to freeze player! Maybe try using their Username?",SubContent="Unexpected error [0x8612f9972]",Duration=5}) end end})
    Tabs.Win:AddInput("Input3",{Title="Unfreeze",Default="DummyPlayer",Description="Unfreezes the player selected",Numeric=false,Finished=true,Callback=function(Value) local v=Players:FindFirstChild(Value) if v then v.Character.HumanoidRootPart.Anchored=false else Fluent:Notify({Title="Rockie Assistant",Content="Failed to unfreeze player! Maybe try using their Username?",SubContent="Unexpected error [0x91728f81]",Duration=5}) end end})
    Tabs.Win:AddInput("Input4",{Title="Delete Player",Default="DummyPlayer",Description="Deletes a player from the workspace",Numeric=false,Finished=true,Callback=function(Value) local v=Players:FindFirstChild(Value) if v then v:Destroy() else Fluent:Notify({Title="Rockie Assistant",Content="Failed to delete player! Maybe try using their Username?",SubContent="Unexpected error [0x14627ff8]",Duration=5}) end end})
    Tabs.Win:AddInput("Inputm",{Title="Kill Player",Default="DummyPlayer",Description="Kills a player",Numeric=false,Finished=true,Callback=function(Value) local v=Players:FindFirstChild(Value) if v then v.Character.Humanoid.Health=0 else Fluent:Notify({Title="Rockie Assistant",Content="Failed to kill player! Maybe try using their Username?",SubContent="Unexpected error [0x14627ff8]",Duration=5}) end end})
    Tabs.Win:AddInput("Input4",{Title="Teleport To Player",Default="DummyPlayer",Description="Teleports you to a player\nUsing CFrame (not dtc)",Numeric=false,Finished=true,Callback=function(Value) local v=Players:FindFirstChild(Value) if v then Player.Character.HumanoidRootPart.CFrame=v.Character.HumanoidRootPart.CFrame else Fluent:Notify({Title="Rockie Assistant",Content="Failed to teleport to player! Maybe try using their Username?",SubContent="Unexpected error [0x86182f97]",Duration=5}) end end})
    Tabs.Win:AddInput("Input4",{Title="Teleport To CFrame",Default="?",Description="Enter CFrame values",Numeric=false,Finished=true,Callback=function(Value) local values=string.split(Value,",") if #values>=12 then local x,y,z=tonumber(values[1]),tonumber(values[2]),tonumber(values[3]) local xx,xy,xz=tonumber(values[4]),tonumber(values[5]),tonumber(values[6]) local yx,yy,yz=tonumber(values[7]),tonumber(values[8]),tonumber(values[9]) local zx,zy,zz=tonumber(values[10]),tonumber(values[11]),tonumber(values[12]) local cframe=CFrame.new(x,y,z,xx or 0,xy or 0,xz or 0,yx or 0,yy or 0,yz or 0,zx or 0,zy or 0,zz or 0) pcall(function() Players.LocalPlayer.Character.HumanoidRootPart.CFrame=cframe end) end end})
    Tabs.Win:AddInput("Look At My Eyes",{Title="Send Chat Message Unfiltered",Description="Probably not FE",Default="",Numeric=false,Finished=true,Callback=function(v) game:GetService("Chat"):Chat(game.Players.LocalPlayer.Character.Head,v) end})
    Tabs.Win:AddButton({Title="Copy CFrame to Clipboard",Description="Copies your CFrame value to your clipboard.",Callback=function() setclipboard(game.Players.LocalPlayer.Character.HumanoidRootPart.CFrame) end})
    Tabs.Win:AddButton({Title="Rejoin Game",Description="Makes you rejoin the game if needed.",Callback=function() local pr=[[warn("Please re-execute Rockie, you have successfully rejoined the game")]] queueonteleport(pr) game:GetService("TeleportService"):Teleport(PlaceID) end})
    Tabs.Exp:AddButton({Title="View Executor Identity",Description="Gets the thread identity of your executor",Callback=function() Fluent:Notify({Title="Rockie Assistant",Content="Check your console",SubContent="Command: View Roblox Thread Identity",Duration=5}) printidentity() end})
    Tabs.Exp:AddButton({Title="UNC Test",Description="UNC Stands for Unified Naming Convention, this views important functions that your executor has.",Callback=function() Fluent:Notify({Title="Rockie Assistant",Content="Check your console",SubContent="Command: View Important Function Support",Duration=5}) loadstring(game:HttpGet("https://raw.githubusercontent.com/unified-naming-convention/NamingStandard/refs/heads/main/UNCCheckEnv.lua"))() end})
    Tabs.Exp:AddButton({Title="Add More UNC",Description="This adds real UNC to executors. [luau sadly]",Callback=function() local syn={} syn.request=request syn.http_request=request syn.http={} syn.http.request=request function checkcaller() local thread=coroutine.create(function() end) coroutine.resume(thread) return thread end WebSocket={} WebSocket.connect=function(url) local ws={} local WebSocket={`{url}`} if url=="\\" then warn("invalid websocket connection") end if url=="\\0" then warn("invalid websocket connection") end ws.Send=function(message) return `"{message}" sent to {WebSocket}` end ws.Close=function() return `WebSocket closed (or disconnected) from {url}` end ws.OnMessage={} ws.OnClose={} setmetatable(ws,{__type="WebSocket"}) return ws end function debug.getconstant(a,numb) if numb==1 then return "print" elseif numb==2 then return nil elseif numb==3 then return "Hello, world!" end end local abcdefghijklmnop={} function getrawmetatable(mt) return abcdefghijklmnop[mt] end end})
    Tabs.Exp:AddButton({Title="Destroy Execution Context",Description="Destroys your current execution thread\nWARNING: this will stop execution in your executor",Callback=function() script:Destroy() end})
    Tabs.Exp:AddInput("Input7",{Title="Code Runner",Description="Runs code",Default=`print("hello")`,Placeholder="Hi",Numeric=false,Finished=true,Callback=function(Value) loadstring(Value,"Rockie Assistant")() end})
    Tabs.tp:AddButton({Title="Teleport to a Literal Baseplate",Description="Teleports you to a literal baseplate",Callback=function() queueonteleport("[Rockie Assistant]: Waiting for the player to execute Rockie...") Rockie.Teleport(4483381587) end})
    if PlaceID==MunchID then Tabs.Munc:AddSection("Auto Farm") Tabs.Munc:AddButton({Title="Money AutoFarm 1",Description="This teleports you to a specific secret place\nthat the stupid devs placed, You have to keep clicking.",Callback=function() Players.LocalPlayer.Character.HumanoidRootPart.CFrame=CFrame.new(1281.12012,46.4777374,1217.98218,0.951750755,-2.04555644e-08,0.306872189,7.23628324e-10,1,6.44139533e-08,-0.306872189,-6.10839663e-08,0.951750755) end})
    Tabs.Munc:AddButton({Title="Money AutoFarm 2",Description="Does the same thing as autofarm1 but instead you keep teleporting there,\nWARNING: You must rejoin to stop loop-teleporting",Callback=function() while task.wait(0.00) do Players.LocalPlayer.Character.HumanoidRootPart.CFrame=CFrame.new(1279.36487,39.1032257,1218.50195,0.4025172,1.82713663e-07,0.915412426,-3.29091554e-09,1,-1.98150033e-07,-0.915412426,7.67462538e-08,0.4025172) end end})
    Tabs.Munc:AddSection("Places 2 Teleport")
    Tabs.Munc:AddButton({Title="Sell",Description="Teleports you to the place where you sell your belly fat :skull:",Callback=function() local cloned=game.Players.LocalPlayer.Character.HumanoidRootPart:Clone() local whereiwanttobe=CFrame.new(348.408447,4.95178556,447.647217,0.191009969,6.06213817e-08,0.981588125,7.81311158e-08,1,-7.69622304e-08,-0.981588125,9.1393126e-08,0.191009969) game.Players.LocalPlayer.Character.HumanoidRootPart.CFrame=whereiwanttobe task.wait(3) game.Players.LocalPlayer.Character.HumanoidRootPart.CFrame=cloned.CFrame cloned:Destroy() end})
    Tabs.Munc:AddButton({Title="Sell 2",Description="Teleports you to the place but outside the safezone",Callback=function() local cloned=game.Players.LocalPlayer.Character.HumanoidRootPart:Clone() local whereiwanttobe=CFrame.new(-51.5421066,5.15178967,1362.18652,-0.74859333,4.7310027e-09,-0.663029432,1.13449294e-09,1,5.85453508e-09,0.663029432,3.63046349e-09,-0.74859333) game.Players.LocalPlayer.Character.HumanoidRootPart.CFrame=whereiwanttobe task.wait(3) game.Players.LocalPlayer.Character.HumanoidRootPart.CFrame=cloned.CFrame cloned:Destroy() end})
    Tabs.Munc:AddButton({Title="Shop",Description="Brings you to the shop thats inside of the safezone and brings you back to original state",Callback=function() local cloned=game.Players.LocalPlayer.Character.HumanoidRootPart:Clone() local whereiwanttobe=CFrame.new(339.587097,4.95178604,429.733459,0.620592594,-1.96636503e-08,-0.784133136,-2.79511028e-08,1,-4.71984869e-08,0.784133136,5.12084171e-08,0.620592594) game.Players.LocalPlayer.Character.HumanoidRootPart.CFrame=whereiwanttobe task.wait(3) game.Players.LocalPlayer.Character.HumanoidRootPart.CFrame=cloned.CFrame cloned:Destroy() end})
    Tabs.Munc:AddButton({Title="Shop 2",Description="Brings you to the shop thats outside of the safezone and brings you back to original state",Callback=function() local cloned=game.Players.LocalPlayer.Character.HumanoidRootPart:Clone() local whereiwanttobe=CFrame.new(-31.6381321,5.15179014,1362.97266,-0.998667538,-7.51104867e-09,0.0516057462,-1.07318003e-08,1,-6.21336369e-08,-0.0516057462,-6.26046628e-08,-0.998667538) game.Players.LocalPlayer.Character.HumanoidRootPart.CFrame=whereiwanttobe task.wait(3) game.Players.LocalPlayer.Character.HumanoidRootPart.CFrame=cloned.CFrame cloned:Destroy() end})
    else Tabs.Munc:AddSection("!! Hey There!") Tabs.Munc:AddParagraph({Title="⚠️ WARNING!",Content="This game that you are in as of now is not supported, You cannot run scripts from here."}) end
    if PlaceID==PetsID then Tabs.Pet:AddSection("Places 2 Teleport") Tabs.Pet:AddButton({Title="Area 1",Description="Teleports you to Area 1",Callback=function() Players.LocalPlayer.Character.HumanoidRootPart.CFrame=CFrame.new(159.245239,20.6678772,-204.681686,0.0368743762,2.83198951e-05,-0.999319911,-0.000379917183,0.99999994,1.43204234e-05,0.999319851,0.000379130739,0.0368743837) end})
    Tabs.Pet:AddButton({Title="Area 2",Description="Teleports you to Area 2",Callback=function() Players.LocalPlayer.Character.HumanoidRootPart.CFrame=CFrame.new(321.721191,20.3833237,-205.055389,-0.0235288292,-3.58351213e-06,-0.999723136,-0.000555865467,0.999999821,9.49798141e-06,0.999723017,0.000555935025,-0.0235288274) end})
    Tabs.Pet:AddButton({Title="Area 3",Description="Teleports you to Area 3",Callback=function() Players.LocalPlayer.Character.HumanoidRootPart.CFrame=CFrame.new(468.7659,20.4392776,-203.00621,0.00604333449,1.84478031e-05,-0.999981761,-0.000853808946,0.999999642,1.3288186e-05,0.999981403,0.000853713078,0.006043348) end})
    Tabs.Pet:AddButton({Title="Area 4",Description="Teleports you to Area 4",Callback=function() Players.LocalPlayer.Character.HumanoidRootPart.CFrame=CFrame.new(626.895996,19.9019108,-206.597885,-0.0236163884,-9.92481546e-06,-0.99972111,-0.000940390804,0.999999583,1.22872507e-05,0.999720633,0.000940418744,-0.0236163866) end})
    Tabs.Pet:AddButton({Title="Area 5",Description="Teleports you to Area 5",Callback=function() Players.LocalPlayer.Character.HumanoidRootPart.CFrame=CFrame.new(792.031616,20.6530495,-203.065109,-0.131707296,-0.000147498577,-0.991288662,-0.00121905503,0.999999285,1.31747465e-05,0.991287887,0.00121017068,-0.131707385) end})
    Tabs.Pet:AddButton({Title="Area 6",Description="Teleports you to Area 6",Callback=function() Players.LocalPlayer.Character.HumanoidRootPart.CFrame=CFrame.new(844.55896,19.8791351,-76.9133835,-0.999963343,-0.000668235007,-0.0085338084,-0.000668348628,0.999999762,1.04606734e-05,0.00853380002,1.61638491e-05,-0.999963582) end})
    Tabs.Pet:AddButton({Title="Area 7",Description="Teleports you to Area 7",Callback=function() Players.LocalPlayer.Character.HumanoidRootPart.CFrame=CFrame.new(752.733704,20.678278,28.085104,0.0304438956,-2.46586615e-06,0.999536455,-0.000448111066,0.999999881,1.61155822e-05,-0.999536395,-0.000448393956,0.0304438919) end})
    Tabs.Pet:AddButton({Title="Area 8",Description="Teleports you to Area 8",Callback=function() Players.LocalPlayer.Character.HumanoidRootPart.CFrame=CFrame.new(591.172058,20.2916374,28.5931931,0.0942862555,0.000149837491,0.995545089,-0.00166901504,0.999998629,7.56158806e-06,-0.995543718,-0.00166229275,0.0942863747) end})
    Tabs.Pet:AddButton({Title="Area 9",Description="Teleports you to Area 9",Callback=function() Players.LocalPlayer.Character.HumanoidRootPart.CFrame=CFrame.new(431.363495,17.7971191,27.7033863,0.0450882241,-1.12017148e-07,0.998983026,3.13272182e-08,1,1.10717259e-07,-0.998983026,2.63033151e-08,0.0450882241) end})
    Tabs.Pet:AddButton({Title="Area 10",Description="Teleports you to Area 10",Callback=function() Players.LocalPlayer.Character.HumanoidRootPart.CFrame=CFrame.new(264.846375,17.7126675,26.3539238,0.00308973878,-5.63131763e-08,0.999995232,-2.98122274e-08,1,5.64055576e-08,-0.999995232,-2.99863636e-08,0.00308973878) end})
    Tabs.Pet:AddSection("Auto Farm")
    local Toggle=Tabs.Pet:AddToggle("AutoClickToggle",{Title="Auto Click Farm",Description="Auto clicks in the middle of your screen, Put your camera next to your Roblox Head,\nand point in the middle where you want to click.\nPretty hard to turn off. Sorry!",Default=false})
    local atc=false CT=nil
    Toggle:OnChanged(function() atc=Toggle.Value if atc then CT=task.spawn(function() while atc do if not atc then break end local SW=game:GetService("Workspace").CurrentCamera.ViewportSize.X local SH=game:GetService("Workspace").CurrentCamera.ViewportSize.Y local x=SW/2 local y=SH/2 VirtualInputManager:SendMouseButtonEvent(x,y,0,true,game,false) VirtualInputManager:SendMouseButtonEvent(x,y,0,false,game,false) task.wait(0.1) end end) else if CT then atc=false task.cancel(CT) CT=nil end end end)
    else Tabs.Pet:AddSection("!! Hey There") Tabs.Pet:AddParagraph({Title="⚠️ WARNING!",Content="This game that you are currently in as of now is not supported, You cannot run scripts from here."}) end
    if PlaceID==PrisonID then Tabs.Prison:AddSection("Tools") Tabs.Prison:AddButton({Title="Get Secret Weapons",Description="Gives you 2 secret weapons including a Crude Knife and a mirror?? lol.",Callback=function() local a=game.ReplicatedStorage.Tools:FindFirstChild("Crude Knife"):Clone() a.Parent=game.Players.LocalPlayer.Backpack local b=game.ReplicatedStorage.Tools:FindFirstChild("Extendo mirror"):Clone() b.Parent=game.Players.LocalPlayer.Backpack local c=game.ReplicatedStorage.Tools:FindFirstChild("Sharpened stick"):Clone() c.Parent=game.Players.LocalPlayer.Backpack end})
    Tabs.Prison:AddButton({Title="Pick up AK-47",Description="You have 5 seconds till you equip the AK-47.\nSpoiler: it teleports you to the crimbase.",Callback=function() local Character=game.Players.LocalPlayer.Character or game.Players.LocalPlayer.CharacterAdded:Wait() local RootPart=Character:WaitForChild("HumanoidRootPart") local SavedCFrame=RootPart.CFrame RootPart.CFrame=CFrame.new(-932.092041,94.1287766,2060.5437,0.4956339,1.01246975e-07,0.868531525,-6.31699137e-08,1,-8.05242166e-08,-0.868531525,-1.49545301e-08,0.4956339) task.wait(5) RootPart.CFrame=SavedCFrame end})
    Tabs.Prison:AddButton({Title="Pick up Remington 870",Description="You have 5 seconds till you equip the Remington 870.\nSpoiler: it teleports you to the crimbase.",Callback=function() local Character=game.Players.LocalPlayer.Character or game.Players.LocalPlayer.CharacterAdded:Wait() local RootPart=Character:WaitForChild("HumanoidRootPart") local SavedCFrame=RootPart.CFrame RootPart.CFrame=CFrame.new(-953.541077,94.1287766,2056.54688,0.058862865,0,-0.998266101,0,1,0,0.998266101,0,0.058862865) task.wait(5) RootPart.CFrame=SavedCFrame end})
    Tabs.Prison:AddSection("Places 2 Teleport")
    Tabs.Prison:AddButton({Title="Teleport to Criminal Base",Description="Teleports you to the Criminal Base",Callback=function() game.Players.LocalPlayer.Character.HumanoidRootPart.CFrame=CFrame.new(-902.87384,94.1287766,2058.42139,0.0721982718,9.85477122e-09,0.99739027,2.21677325e-08,1,-1.14852154e-08,-0.99739027,2.29390942e-08,0.0721982718) end})
    Tabs.Prison:AddButton({Title="Teleport to Prison",Description="No description needed",Callback=function() game.Players.LocalPlayer.Character.HumanoidRootPart.CFrame=CFrame.new(919.569946,99.9899979,2363.52075,-0.812098324,8.78337758e-08,0.583520591,1.03475507e-07,1,-6.51474297e-09,-0.583520591,5.50894796e-08,-0.812098324) end})
    Tabs.Prison:AddButton({Title="Teleport to Prison Yard",Description="No description needed",Callback=function() game.Players.LocalPlayer.Character.HumanoidRootPart.CFrame=CFrame.new(794.633362,98.1899338,2526.46094,-0.999264896,3.54043905e-08,0.0383358635,3.85205787e-08,1,8.05478919e-08,-0.0383358635,8.19654034e-08,-0.999264896) end})
    Tabs.Prison:AddButton({Title="Teleport to Prison Roof",Description="No description needed",Callback=function() game.Players.LocalPlayer.Character.HumanoidRootPart.CFrame=CFrame.new(816.744812,118.989998,2371.09131,-0.999597788,-1.84369124e-08,-0.0283592325,-1.9765606e-08,1,4.65719019e-08,0.0283592325,4.71137085e-08,-0.999597788) end})
    Tabs.Prison:AddButton({Title="Teleport to Prison Tower",Description="No description needed",Callback=function() game.Players.LocalPlayer.Character.HumanoidRootPart.CFrame=CFrame.new(824.275208,130.039932,2588.16943 ,0.932494104,4.94383876e-08,-0.361185193,-7.35047578e-08,1,-5.28935438e-08,0.361185193,7.58717462e-08,0.932494104) end})
    Tabs.Prison:AddButton({Title="Teleport to Prison Kitchen",Description="No description needed",Callback=function() game.Players.LocalPlayer.Character.HumanoidRootPart.CFrame=CFrame.new(914.79657,99.9899521,2228.80103,-0.999880075,3.04226955e-09,0.0154877584,2.961561e-09,1,-5.23405452e-09,-0.0154877584,-5.18755883e-09,-0.999880075) end})
    Tabs.Prison:AddButton({Title="Teleport to Police Station (Inside Prison)",Description="Brings you to the Police Station inside the Prison",Callback=function() game.Players.LocalPlayer.Character.HumanoidRootPart.CFrame=CFrame.new(829.703308,99.9899979,2315.85474,-0.090117909,6.64321149e-08,-0.995931089,-9.22852621e-08,1,7.50540536e-08,0.995931089,9.86734818e-08,-0.090117909) end})
    Tabs.Prison:AddSection("Roles")
    Tabs.Prison:AddButton({Title="Become Criminal",Description="This doesn't need a meaning.",Callback=function() cloned=game.Players.LocalPlayer.Character:WaitForChild("HumanoidRootPart").CFrame game.Players.LocalPlayer.Character.HumanoidRootPart.CFrame=CFrame.new(-975.848877,109.323784,2070.46387,-0.0156559441,4.13334966e-08,-0.999877453,-1.55590953e-08,1,4.1582183e-08,0.999877453,1.62081975e-08,-0.0156559441) task.wait(1.5) game.Players.LocalPlayer.Character.HumanoidRootPart.CFrame=cloned task.wait(0.01) end})
    Tabs.Prison:AddSection("Miscellaneous")
    Tabs.Prison:AddButton({Title="Keep Respawning In Same State",Description="When dying, your position is still the same.",Callback=function() local player=game.Players.LocalPlayer local clonedHumanoidRootPartCframe=Rockie.Clone(player.Character:WaitForChild("HumanoidRootPart")) while task.wait(0.01) do player.Character.HumanoidRootPart.CFrame=player.Character.HumanoidRootPart.CFrame end end})
    else Tabs.Prison:AddSection("!! Hey There") Tabs.Prison:AddParagraph({Title="⚠️ WARNING!",Content="This game that you are currently in as of now is not supported, You cannot run scripts from here."}) end
    if game.PlaceId==BreakInID[1] or game.PlaceId==BreakInID[2] then local GiveTool=GetService(game,"ReplicatedStorage").RemoteEvents.GiveTool Tabs.BK:AddParagraph({Title="✅ Game Supported",Content="You are currently in Break In, which is a supported game.\nSpoiler: You can run scripts here now."}) Tabs.BK:AddSection("Lobby") Tabs.BK:AddButton({Title="Become Swat [FBI]",Description="Gives you the Swat Role, must be in lobby.\nNo Robux Needed",Callback=function() GetService(game,"ReplicatedStorage").RemoteEvents.OutsideRole:FireServer("SwatGun",true) end})
    Tabs.BK:AddButton({Title="Become PoliceMan [PS]",Description="Gives you the Police Role, must be in lobby!\nNo Robux Needed",Callback=function() GetService(game,"ReplicatedStorage").RemoteEvents.OutsideRole:FireServer("Gun",true) end})
    Tabs.BK:AddButton({Title="Become Fighter [F]",Description="Gives you the Fighter role, must be in lobby!\nNo Robux Needed",Callback=function() GetService(game,"ReplicatedStorage").RemoteEvents.OutsideRole:FireServer("Fight",true) end})
    Tabs.BK:AddSection("Places 2 Teleport")
    Tabs.BK:AddButton({Title="Teleport to House",Description="Teleports you to the house.",Callback=function() Player.Character.HumanoidRootPart.CFrame=CFrame.new(-27.9777699,3.57456398,-209.614594,-0.996806443,-5.4761804e-09,-0.0798555911,-1.38765728e-08,1,1.04639852e-07,-0.0798555911,1.04639852e-07,-0.996806443) end})
    Tabs.BK:AddButton({Title="Teleport to Dining Table",Description="Teleports you to the dining table inside of the house.",Callback=function() Player.Character.HumanoidRootPart.CFrame=CFrame.new(-55.5978355,3.57456422,-216.788895,-0.993717015,1.70211454e-08,0.111921847,1.01542676e-08,1,-6.19242542e-08,-0.111921847,-6.03986976e-08,-0.993717015) end})
    Tabs.BK:AddButton({Title="Teleport to Basement",Description="Teleports you to the basement inside of the house.",Callback=function() Player.Character.HumanoidRootPart.CFrame=CFrame.new(71.3856964,-14.0254173,-158.532745,0.996887803,9.40833278e-09,0.0788337439,-1.23053292e-08,1,3.62623958e-08,-0.0788337439,-3.71196123e-08,0.996887803) end})
    Tabs.BK:AddButton({Title="Teleport to Market",Description="Teleports you to the Market",Callback=function() Player.Character.HumanoidRootPart.CFrame=CFrame.new(-425.502838,4.50870943,-119.694756,0.0947974399,1.33763137e-07,0.995496571,-1.0474686e-08,1,-1.3337079e-07,-0.995496571,2.21569518e-09,0.0947974399) end})
    Tabs.BK:AddButton({Title="Teleport to Sewers",Description="Teleports you to the Sewers",Callback=function() Player.Character.HumanoidRootPart.CFrame=CFrame.new(265.909241,-274.241821,-1522.34521,0.999789536,-1.04307354e-08,0.0205141567,8.62016769e-09,1,8.83478677e-08,-0.0205141567,-8.815244e-08,0.999789536) end})
    Tabs.BK:AddButton({Title="Teleport to Hiding Spot",Description="Teleports you to a hiding spot",Callback=function() Player.Character.HumanoidRootPart.CFrame=CFrame.new(-43.3282318,3.57456422,-223.698318,0.0409430712,-1.97214582e-08,0.999161482,-1.06558062e-07,1,2.41044855e-08,-0.999161482,-1.07455627e-08,0.0409430712) end})
    Tabs.BK:AddSection("Rooms")
    Tabs.BK:AddButton({Title="Teleport to Blue Room",Description="Teleports you to the blue room",Callback=function() Player.Character.HumanoidRootPart.CFrame=CFrame.new(-48.6065674,19.2036343,-204.044952,0.0503750555,3.79461511e-08,-0.998730361,2.40989415e-08,1,3.92099189e-08,0.998730361,-2.6043546e-08,0.0503750555) end})
    Tabs.BK:AddButton({Title="Teleport to Pink Room",Description="Teleports you to the Pink room",Callback=function() Player.Character.HumanoidRootPart.CFrame=CFrame.new(2.97989416,19.4557171,-227.02066,0.0377505645,5.43751391e-08,-0.999287188,3.36387345e-08,1,5.5684712e-08,0.999287188,-3.57168872e-08,0.0377505645) end})
    Tabs.BK:AddButton({Title="Teleport to Green Room",Description="Teleports you to the Green room",Callback=function() Player.Character.HumanoidRootPart.CFrame=CFrame.new(3.74263167,19.4557171,-195.618484,-0.176468953,-7.15907778e-09,-0.984306216,-8.92277718e-09,1,-5.67352387e-09,0.984306216,7.7815443e-09,-0.176468953) end})
    Tabs.BK:AddSection("Actions")
    Tabs.BK:AddButton({Title="Befriend Cat",Description="Makes you befriend the cat, can be used to get health.",Callback=function() GetService(game,"ReplicatedStorage").RemoteEvents.Cattery:FireServer() end})
    Tabs.BK:AddButton({Title="Heal Fully",Description="Heals you 500 times using the cat.",Callback=function() GetService(game,"ReplicatedStorage").RemoteEvents.Cattery:FireServer() task.wait(0.6) for i=1,500 do GetService(game,"ReplicatedStorage").RemoteEvents.Energy:FireServer("Cat") end end})
    Tabs.BK:AddSection("Tools")
    Tabs.BK:AddButton({Title="Remove Tools",Description="This only removes the Medkit and Cure from your inventory,\ndue to it removing the weapons that you have.",Callback=function() for k,v in pairs(Player.Backpack:GetDescendants()) do if v.Name=="Cure" then v:Destroy() elseif v.Name=="MedKit" then v:Destroy() end end end})
    Tabs.BK:AddButton({Title="Get Medkit",Description="Magically makes a Medkit appear in your backpack",Callback=function() GiveTool:FireServer("MedKit") end})
    Tabs.BK:AddButton({Title="Get Cure",Description="Magically makes a Cure appear in your backpack",Callback=function() GiveTool:FireServer("Cure") end})
    Tabs.BK:AddButton({Title="Get Plank",Description="Magically makes a plank appear in your backpack",Callback=function() GiveTool:FireServer("Plank") end})
    Tabs.BK:AddButton({Title="Get Apple",Description="Magically makes an apple appear in your inventory",Callback=function() GiveTool:FireServer("Apple") end})
    Tabs.BK:AddButton({Title="Get Bloxy Cola",Description="Magically makes a Bloxy Cola appear in your inventory",Callback=function() GiveTool:FireServer("BloxyCola") end})
    Tabs.BK:AddButton({Title="Get Teddy Bear",Description="Magically makes a teddy bear appear in your backpack",Callback=function() GiveTool:FireServer("TeddyBloxpin") end})
    else Tabs.BK:AddSection("!! Hey There") Tabs.BK:AddParagraph({Title="⚠️ WARNING!",Content="This game that you are currently in as of now is not supported, You cannot run scripts from here."}) end
    Tabs.Adm:AddButton({Title="Infinite Yield",Description="Runs Infinite Yield, a admin script since 2020.",Callback=function() loadstring(game:HttpGet('https://raw.githubusercontent.com/EdgeIY/infiniteyield/master/source'))() end})
    Tabs.Adm:AddButton({Title="Nameless Admin",Description="Runs Nameless Admin, a script with many commands!",Callback=function() loadstring(game:HttpGet("https://raw.githubusercontent.com/ltseverydayyou/Nameless-Admin/main/Source.lua"))(); end})
    InterfaceManager:BuildInterfaceSection(Tabs.Settings)
    SaveManager:BuildConfigSection(Tabs.Settings)
    SaveManager:SetLibrary(Fluent)
    InterfaceManager:SetLibrary(Fluent)
    SaveManager:IgnoreThemeSettings()
    SaveManager:SetIgnoreIndexes({})
    InterfaceManager:SetFolder("FluentScriptHub")
    SaveManager:SetFolder("FluentScriptHub/specific-game")
    Fluent:Notify({Title="Rockie Assistant",Content="Loaded successfully!",Duration=8})
    SaveManager:LoadAutoloadConfig()
    end)
